
 Results for 1000 list size 
 CPU time 
0.005796239466189133
0.0038582766804161005
0.09999027110987571
0.006474496060253443
0.0021605399568939893
0.0034072766231462116
0.0020206897804050565
0.0015411805131658018
0.0014845182837483594
0.001101473790663339
0.0007140362811474552
0.0006961080249026169
0.0007293105688013501
0.0007016115176649796
0.000753664222687489
0.0007668991450030443
0.0007764115271633676
0.0007769702573930892
0.0007621010491556584
0.0007302464419360721
0.0007360013633018025
0.0007523023177526845
0.0007550680323895609
0.000724170250688283
0.0007782413686655831
0.0007571213659836762
0.0008025531177845546
0.0007852394647922978

 Comparisons 
16840
12033
499500
8706

 Results for 2000 list size 
 CPU time 
0.013471586472582443
0.008467221392662917
0.3974277526892383
0.016360158902877186
0.0047062685341291875
0.007904964178408113
0.004794317434199247
0.004068617659506923
0.003191501992571766
0.002423625069666535
0.0022682142562812533
0.002350047282545531
0.0014688738373172638
0.0014784001877334418
0.001459598915504623
0.0015222605107633625
0.0015867240110125857
0.0016731316410327768
0.0016874071984009475
0.0015793767084923526
0.0015875551222294115
0.0015354884489508836
0.0014092922424497668
0.0014557157404083698
0.0014000801777880102
0.0014535506607683101
0.001443668119831032
0.0014687341547599208

 Comparisons 
37727
26548
1999000
19427

 Results for 3000 list size 
 CPU time 
0.020728018505145142
0.013907123670745758
0.888912571290485
0.023091035313147313
0.007884612429791904
0.012491608570363156
0.007814568611373928
0.005863664236655452
0.004603168838497674
0.0035005775873745647
0.0034654823448234673
0.0033226848663725937
0.002060052325086037
0.0021768199589613955
0.002213500598540108
0.0023246599777340116
0.0021119653475512477
0.0020508821651917587
0.0020948891549063655
0.002148715828408143
0.002079223756091775
0.0021806263086507015
0.0021543729719839533
0.002248281555337339
0.00215260598763205
0.0022126205984278613
0.0021351526520824392
0.00210812407722214

 Comparisons 
60256
42456
4498500
30929

 Results for 4000 list size 
 CPU time 
0.029565768833748507
0.019333714201106033
1.5940634982937774
0.030886097255377366
0.00999712253931726
0.01620300205752443
0.0111302134768529
0.0076908028813722495
0.007603186997229372
0.004391912938654841
0.004428279292480397
0.004436827864994797
0.004493825332549051
0.002811886706271238
0.003087675947640989
0.0027739559078035826
0.0027567190802184173
0.003107901981955763
0.0029170886243925056
0.0029039095750995614
0.0027771686066241585
0.002753981302092967
0.0027813730516022873
0.0029123673539501738
0.003029693718056592
0.002791905116431792
0.0028518638542038843
0.0028490562348000735

 Comparisons 
83438
59669
7998000
42809

 Results for 5000 list size 
 CPU time 
0.039362370077761
0.0241115560776592
2.5810285664798194
0.04098203821993991
0.012580034613338143
0.02117240459332308
0.014706198692849882
0.010016196192531624
0.010106221600790378
0.007400346971473936
0.005498981015743709
0.005663582941406986
0.005502682603515297
0.005635974683932688
0.003720877932810396
0.003582745851775826
0.0036155223638772325
0.0036785191972732887
0.0036649560209468745
0.003536888068177291
0.003592775059400566
0.0035721509297971465
0.003669712212025189
0.0037236925363409055
0.0035564575944711406
0.0036767452287918443
0.003467619487952334
0.0039944951104125435

 Comparisons 
107695
76456
12497500
55230

 Results for 6000 list size 
 CPU time 
0.04709338756741275
0.030449456565014542
3.6842657656210505
0.04835765439461994
0.018057630229539257
0.028225081679376273
0.01654449797390356
0.013960691931517033
0.011898816749057062
0.009043467815041594
0.006843851662711131
0.006512433842847542
0.006777202130439264
0.006618397030908341
0.004277994828954945
0.004173191006120192
0.004391277383021475
0.004515078033658426
0.004860862204554906
0.004634108524966507
0.004465944694089785
0.004319892612048193
0.004227164346305301
0.0044230900854685725
0.0042002335492355766
0.00456025835685665
0.004305239911776937
0.004483125648654607

 Comparisons 
132456
92825
17997000
67834

 Results for 7000 list size 
 CPU time 
0.055049803815850853
0.03613869220808539
5.02376073635057
0.05763237366760876
0.019394147859576095
0.03201272089050207
0.020762729620665256
0.017795927974090374
0.014716262821107762
0.011125771571528276
0.008579211883078131
0.008478416949641599
0.008438782023972635
0.008002022603429281
0.007773264479142483
0.005030869845194274
0.005246595586868352
0.005027824765440414
0.0055389232430428596
0.004801811403410738
0.0048645568082008595
0.00474883679350171
0.004950419676242745
0.004761869176107325
0.00479042727497756
0.004700164406369822
0.004772198701229513
0.005010594921978395

 Comparisons 
157547
114176
24496500
80662

 Results for 8000 list size 
 CPU time 
0.0668071221342359
0.045751603904966485
6.843923703990316
0.07623626745857451
0.02388647160463222
0.043140238493998596
0.026666880846590857
0.022648500018854635
0.01776561685911986
0.014340453884500448
0.009849792361876553
0.009458429772504929
0.010232634315252653
0.009313984039869183
0.009384551667878327
0.00933596309027962
0.006146591256708689
0.006594210996092897
0.006104972838730305
0.006118906173824712
0.006449367168170283
0.006622273221876185
0.006909935480626928
0.006636499890348091
0.0063313703277913195
0.006200976660437618
0.0060940426786118
0.006250228730186791

 Comparisons 
182799
131121
31996000
93625

 Results for 9000 list size 
 CPU time 
0.07605661473734529
0.052538437147737226
9.004967747297496
0.08099894679351963
0.027267201557737052
0.04722435393324531
0.02833772169368558
0.02341303852863632
0.019109020839238156
0.014919752370764173
0.010550698482629173
0.0107548864450564
0.011136911255493941
0.011045663624852865
0.01045113275570202
0.010615546109906403
0.006865090395575635
0.0068565488071897105
0.007286533623695845
0.007603200965476731
0.0070584250232883505
0.007482850474011116
0.0074025120511009845
0.0067673405418901215
0.007406730464347788
0.00805471784822771
0.007380903159480567
0.00738101490554186

 Comparisons 
208891
150283
40495500
106995

 Results for 10000 list size 
 CPU time 
0.08372632555255563
0.05597350361567237
0.0
0.08741133998874488
0.027598158425161046
0.049212113550743196
0.030337403217447444
0.02477899425765031
0.020243278126133645
0.016321501755112423
0.011824959596810913
0.01176812276421515
0.012296814259906341
0.012096746932911628
0.011840198963830062
0.011775078955571417
0.007559599055173294
0.007233999013840276
0.008153857543339882
0.007642654303833751
0.0077731247965971305
0.00739571649470463
0.007172971704500241
0.007106468838901492
0.007529253019583848
0.007816677817999107
0.007570103183513766
0.007576333025565418

 Comparisons 
235378
168762
0
120425

 Results for 15000 list size 
 CPU time 
0.13722000980571353
0.08647643066366868
0.0
0.13479229203711612
0.04916793894196871
0.08244944539040944
0.05403589702044087
0.03860243410825888
0.032249943777770795
0.024486659617355144
0.017330428867364845
0.018581907756430382
0.019191433548121493
0.018065522294028823
0.0181112334109514
0.01893394970588247
0.019587182169794916
0.019933036181981834
0.013095910234397934
0.01193785103972118
0.012661909544368655
0.012060799626777908
0.01178176276592353
0.011939219928768808
0.01206255264286824
0.011130681413413867
0.012074265025302112
0.011805257372100187

 Comparisons 
370397
261107
0
189272

 Results for 20000 list size 
 CPU time 
0.18898410971226554
0.13556379372237756
0.0
0.19584117534490134
0.06883494969331991
0.11980760822953584
0.07926820308167067
0.05804519848192626
0.05494307935784946
0.03764794827276319
0.03435370975919909
0.025646485796386287
0.02719969996187501
0.02744623967570874
0.026259210318636407
0.025449589263428152
0.026620715761362136
0.02668244846761354
0.025446634977345183
0.025241469237016645
0.01577827628930777
0.015748880095094363
0.01544184386562506
0.015834959471106913
0.017057733594634784
0.017316942516430345
0.01786583909406545
0.01823585818867741

 Comparisons 
510704
368674
0
260924

 Results for 25000 list size 
 CPU time 
0.2523619552205787
0.1653666178243384
0.0
0.2533434067737744
0.08949203041167948
0.16066534992576748
0.09983468569329261
0.08387083414231711
0.07216482122726689
0.04502964762281181
0.04478330346454982
0.03233723140791085
0.03278411781384989
0.034368411348367545
0.03380147476844968
0.0340888925827187
0.0324820333310754
0.0319892262843382
0.03171113926489966
0.03162012909461964
0.03285706702947664
0.031029055368770743
0.021227718886058254
0.022136263128419386
0.02080634549922138
0.019845999980452687
0.020784995020312634
0.020144103510364175

 Comparisons 
654890
455802
0
334077

 Results for 30000 list size 
 CPU time 
0.3050906819162719
0.2045247370825109
0.0
0.3054526692638319
0.10657405480305897
0.1937692080976774
0.11616838871979666
0.10106785219909967
0.08614595570107327
0.05424003609396664
0.05793412291226332
0.04073982866538017
0.0390134709858387
0.039998386666462694
0.039387764366705366
0.03971406282084331
0.0390534062290044
0.03818278580100696
0.03998011618796795
0.03863628617601762
0.03950525136573333
0.03785215020345163
0.03757444731103874
0.024726285044624773
0.025194012088132923
0.02449345517376287
0.024402431035224482
0.0251172216021871

 Comparisons 
800721
569342
0
408624

 Results for 35000 list size 
 CPU time 
0.3641471192567849
0.23265946509962418
0.0
0.34262927271482224
0.12123441666467442
0.21709731264728022
0.14309475086917586
0.11360001760000955
0.09317573183184891
0.060781726448465176
0.06113014363557454
0.048098836583983486
0.049610502172760106
0.04656059638865031
0.048645798558209205
0.04774173114180371
0.0472496225078828
0.0455795149942162
0.04588338741376106
0.046150921415988935
0.047068279627723086
0.04741092094106989
0.04324004168128113
0.04714630630430179
0.029904226654508648
0.029248305301371146
0.029440599294042614
0.028342589630790373

 Comparisons 
949187
669551
0
484534

 Results for 40000 list size 
 CPU time 
0.4180412524496887
0.2671261361429913
0.0
0.407891477827485
0.14331758645302556
0.25338609376331644
0.1759163315449314
0.13421291672544838
0.11180503388000033
0.07478750092540168
0.07398834209375878
0.0738908646210632
0.05445987548696962
0.05360605887061638
0.05416684941801577
0.05565254103523785
0.05234500474222159
0.054718392980112183
0.054170362434337
0.05464589074869082
0.05340409186085253
0.056867674522874265
0.05391884303732013
0.0535020233018372
0.054183345928032624
0.038503825206839794
0.035702910565464666
0.03299222387202576

 Comparisons 
1101509
770014
0
561760

 Results for 45000 list size 
 CPU time 
0.4651132266810464
0.29789287465306985
0.0
0.4621643672589585
0.16700848850901479
0.29404003162412096
0.185546375307473
0.14196054247118467
0.1218498719809304
0.07805832864233367
0.07520295177180855
0.077786799718956
0.05653335130582491
0.05821584866232001
0.05524622542809539
0.05479626600587153
0.056296847783727344
0.05611435950658574
0.05637851319091851
0.05417525132383503
0.055363090839756525
0.055842642011759834
0.05338392868368373
0.054942799992733174
0.054184707832990855
0.05346334520168625
0.035055363181623986
0.034789135211320855

 Comparisons 
1255101
886073
0
639794

 Results for 50000 list size 
 CPU time 
0.5362752738127142
0.3529472530726707
0.0
0.5654204514819583
0.18853591029029532
0.35161237671267714
0.22095858551854236
0.17148556590292968
0.146113318871528
0.11535181147325488
0.09320657374050256
0.09593650869035741
0.06725239520664558
0.0663099709599976
0.07096281790005605
0.06631309984927043
0.06769783589813301
0.06822357310774692
0.06712818947659685
0.06630957984883139
0.06482404188241161
0.06487999871491183
0.06219109551631732
0.0657450807295504
0.062004137397354955
0.06245566126421522
0.06084689534565087
0.06140354430518755

 Comparisons 
1409674
982253
0
718170

 Results for 55000 list size 
 CPU time 
0.5802312305055694
0.3644391116748011
0.0
0.5594141573859133
0.20307021562796307
0.3582768200986834
0.22718928662721966
0.17615187125738885
0.15863719411264582
0.12918794846833634
0.10209352724996279
0.10872359475855546
0.07566947754532975
0.06687784341304451
0.07189741992348217
0.06724583012644417
0.06776528860511917
0.06715560916264848
0.06959438280562154
0.06838658963639546
0.06582249280285168
0.07075191819070596
0.06756004603938663
0.06880584683249254
0.07058459245517952
0.06578372390902132
0.06310553436261443
0.06865288744797908

 Comparisons 
1565429
1091146
0
797548

 Results for 60000 list size 
 CPU time 
0.6398595980774303
0.4122329723470557
0.0
0.6260662877544405
0.21959695296470727
0.3980098518107866
0.24313646706497138
0.18824437184055115
0.15639095192266267
0.12942132310109855
0.10537976893710947
0.10709878629825198
0.07909918020305895
0.07441361262393684
0.07392269827588507
0.07357071219944374
0.07497399809193439
0.07722411647289391
0.07525349590519
0.07254873873635007
0.07700459834978801
0.07638935255737352
0.07575360834966886
0.07459170090052111
0.07450875041379276
0.07154745924412964
0.07297910767989606
0.07661551258609052

 Comparisons 
1721323
1225577
0
877234

 Results for 65000 list size 
 CPU time 
0.6965262833684165
0.4417354649822755
0.0
0.6982912493068056
0.22749200666563638
0.44212633169859145
0.26615864586140103
0.20956591550045686
0.18086083566486194
0.14687546182544792
0.11197316977437595
0.11326659533542624
0.08082692073994621
0.08539466608187922
0.08430736308664563
0.08245903459796863
0.08205291454643202
0.08887783223844962
0.08264208858944358
0.0823417990275516
0.08479108378297724
0.08157237861236126
0.08093896710336139
0.08079493343425384
0.08034580512326102
0.08176835324042031
0.07859496807553797
0.0801424412879328

 Comparisons 
1878005
1317603
0
957190

 Results for 70000 list size 
 CPU time 
0.8062211607899826
0.5174634765033147
0.0
0.7956094699186679
0.2705439168944622
0.5009169391640625
0.3335119756840754
0.2476288885878148
0.20128514238541584
0.17352590203502133
0.1354649264082468
0.1431752359587449
0.09921293069372723
0.097543032703868
0.09460416058464034
0.100333345439185
0.09505659937226482
0.09676676784340543
0.09676166943005456
0.09653311384546441
0.09759973683806038
0.09408409448687963
0.09149117415762476
0.09231362505568086
0.09556834737375083
0.09164101163696614
0.09268207970566208
0.08935105579062111

 Comparisons 
2038479
1436318
0
1038884

 Results for 75000 list size 
 CPU time 
0.8018298973752053
0.5215764084541548
0.0
0.807229466314834
0.2536514137970016
0.5015356420997591
0.31917060687881077
0.24165213735263932
0.2109699975835042
0.16763954636692233
0.12782299146959986
0.13372926587037454
0.09134204207515495
0.09263496477905164
0.09487019299940584
0.09306884673889045
0.09483444823295031
0.09252201746310221
0.09732148918368466
0.08999919682528343
0.09014061144641801
0.09013194414375221
0.09170284910511554
0.09249988476186673
0.09157492083490978
0.0871349291599813
0.08788652608084249
0.08877552174926677

 Comparisons 
2200308
1544247
0
1121112

 Results for 80000 list size 
 CPU time 
0.8723790593497143
0.5599721403139142
0.0
0.8556357791283403
0.2864782116162587
0.5292726310187277
0.3318229341997494
0.263709822058388
0.2582685788277786
0.1786743287205809
0.14391513446540785
0.14160126496525435
0.14343048488004798
0.10271476542409345
0.10399843415849545
0.10352075473280138
0.10369370967541727
0.09981225267455329
0.10563663119196462
0.10319176738940997
0.10412707480979862
0.10454379676745021
0.10254980032378853
0.10271245367777056
0.10565005468572508
0.10120951126472164
0.10022467240946753
0.0974607736458097

 Comparisons 
2362915
1668496
0
1203565

 Results for 85000 list size 
 CPU time 
0.9393722526186821
0.6006739613554146
0.0
0.9230714518186005
0.3264633773286846
0.6183470245519971
0.36234480918661804
0.31309540737719316
0.27145344589886233
0.19388255350887676
0.14813361754075913
0.15095582678802658
0.15455788375337534
0.11575632517539133
0.11091839884679758
0.1075468600059594
0.11220046123180509
0.11119429285008664
0.11304911657767888
0.10746279904290076
0.10976121266809287
0.10775718003264956
0.10513852319218131
0.10975401901637269
0.10880301826069853
0.10949833009502755
0.10552510165399553
0.10566709595774455

 Comparisons 
2526277
1787031
0
1286371

 Results for 90000 list size 
 CPU time 
0.9779891997446498
0.6186998277714111
0.0
0.9580047184767864
0.3586565680833814
0.6343005186413393
0.3742715414947952
0.32831121692839815
0.2889399071669686
0.19723140790239313
0.1564411258972882
0.15565917595672546
0.15451414216051945
0.11198333168043746
0.11501084635058305
0.11006074096009115
0.11178453546471019
0.11352855600360953
0.1152832762264552
0.11535439560057056
0.11553784070322308
0.114512605652385
0.1106071930929943
0.10808238197870423
0.11062198547582511
0.1128017387684622
0.111892314526051
0.11489600633598229

 Comparisons 
2690199
1862940
0
1369534

 Results for 95000 list size 
 CPU time 
1.0486725268155284
0.6642331706962977
0.0
1.0427845368614725
0.36348073568008205
0.6978382517889941
0.4068262656287288
0.3543495821396391
0.3064393868494335
0.20830451216561413
0.16796645244016872
0.16531383876997552
0.1663377049317205
0.11849463409459986
0.12225888346147258
0.11857921188307045
0.12031753337366809
0.11932787547023053
0.1199089828455044
0.11964051297027253
0.11822370580616734
0.12006654477040683
0.11872951729899342
0.11746505491623793
0.12359643474239874
0.11535667941034262
0.1164401970082963
0.11858883601130402

 Comparisons 
2854658
2016944
0
1452607

 Results for 100000 list size 
 CPU time 
1.1293541218227348
0.7293368919793011
0.0
1.106258407143946
0.39122571444129334
0.7309903283796985
0.48264309430389857
0.38596096710616623
0.3275758301683709
0.23215215900345357
0.18293834132548453
0.1829624086301692
0.18863109696901575
0.12842574964140568
0.13263774446195384
0.12621242364605223
0.13067926929261375
0.12952461835227497
0.13001775365305548
0.13390591541665345
0.13760996160128797
0.12927339927280174
0.13475462663548116
0.12666863386268687
0.1316629627508064
0.12817616484774136
0.12746638190048998
0.12666310941754091

 Comparisons 
3019638
2116243
0
1536386
